2674473643	Jody Jo 🖤	speedyjody
378213191	alex	gxouls
479006488	David Clark	grungedave
189555292	Syd ✨	iSweetySydney_
2255945058	Nola Darling 🦂	honeyvuee
1132782274372620288	Alex	aggiealex1
982668962046644224	Bri Lew	itsbrilew
2209170043	Zack’s Wife	DawnsDreamCo
3146587720	A’morae🍂	0nly1lovee
3116478442	Golden.Terms	Sorbet____
1116354574967869440	⭐️LauraMae⭐️	lauraamaeeeee
333051846	Efam	Chief_Eef
1001809696334938112	Soph 💋	mamaphia_
881209286	kee	knmaxie
2813833057	J.Billionaire™️	_JLewiii
943850588713947136	BRIOAVANT	BRIOBADASS
16874925	Kat Lee D.	KatM3q
376703115	Miss Doreen	doryndidi
971476026286051328	Gone On Na ➡️	cutefaceshawty
3018661293	malanad👸🏽	malanad__
1057366793411534856	ka$h 💚	kashwiththert
1150811832048922624	Yall wuz KANGZ	No_ThisIsJada
346162718	Truest 🦓	Truetomyself5
367981514	Laura B♡	oxox_laura
1063454439170875392	blood thirsty aries	draculasfavwife
4141754774	sun child 🧚🏾‍♀️	poeticdamndae
1139454860485640192	kdot	kdottttty
3461203092	KIRSTEN💕	ForeignHottie_
211195140	Zahra	kenyancaramel
1186714468916617216	Tales from a Mended Heart OUT NOW	KlarcNaomiMusic
2957628265	ari	itsdiaryofari
238337088	JMFC	JMFC_64
28009698	90's	_phyfe
1364945822	💙	yanibeegood
1092494802334171136	lesly	lesxvii
31604140	𝗷𝗲𝘀𝘀𝗶𝗰𝗮 𝗮𝗺𝘆 °𝗼°	jessicaamywatsn
591566391	JC Medrano-Felix	VersaceXO
70243035	Stephanie Sandoval	ssandoval22
369091320	Ms. Stark- Queen of the North	Msrey23
278118733	Jaishawn❣️	jaishawn_
1152008227992854533	fine like wine 🍷	DivinaC1999
4842978312	Danita🦋	__daniitaa
306520728	Lanel🌼	BITEtheBullet__
18948916	David Peterson	sirdavepeterson
29329548	#beastmodemuzik	DAGREATBEAST
2486336696	THE CERTIFIED LOVER BOY🖤	only__calebb
420800389	neisha🫐	janeishaaa_
50813511	Mia 🐝	ThaaaBombDOTcom
357923374	Malachi Burden	AntoineViccario
232060761	بهاره	azamnajafi
976362332	Lauren Callender	Lo_Callender
743932471100612609	𝖒𝖎𝖈𝖍𝖊𝖑𝖑𝖊	decayingxbliss
913956410022551552	The Bridge Church	bridgechurch_TX
278118733	Jaishawn❣️	jaishawn_
412425572	Austin Del Toro	ADT_is_mee
300627654	Milly boo 🦋	Sweet_Dimpless
1099819517507784704	mrs.bandzz	TheTaylorZanee
1116354574967869440	⭐️LauraMae⭐️	lauraamaeeeee
322822741	Josuezy	FreshhJosuezy
325739828	Barrington	Barrington_14
3164227309	Ryan | Wordsmith	NUEXGUY
188214994	ツ M I C K E Y	OMickey_USoFine
1147437265297317888	Darryn 🎄	notagaindrryn
1358117600	7	UnknownCypher_
996455928223420421	Miles Wilkinson	MilesWilkinso11
236210193	8/11♌️	SarahChenille
20814430	Adam Wexler	AdamJWexler
101042557	Lil Gucci of the Loom	MorganxAlysse
123695540	Muhammad Minhal	minhal23
431246407	brat 💋	ittsslexx
614118552	joel	joelll2000
2429512026	TrillYungLo	TrillYungLo1
301767956	bbygirl 💋	cchloebrione
747060936872124416	Jay	grindtvmejk
520672830	Isis Rangel	isisdawg
2238099501	Oba_Jero🪔	oba_jero
2677861794	yee hawty	travieshoots
2263309443	chels.	_ctierra
62933574	BJTHESENSEI	BombChiCk_BJ
391682968	Tylaah 🥀	Theylovetyloo
2204316505	Selenass	_nicoleselena
776048347	4:44	jastay95
1026554944273428480	Paloma🕊⚽️	Birddddd7
2595251778	Courthouse Chapel	CourtWedding
79493815	Rustika Cafe&Bakery	rustikacafe
961033106475180032	H🌸N E Y	_AdoreHER
2935535298	FORBIDEN FRUIT	justjuliethhh
16888799	kjknight1911	kjknight1911
232060761	بهاره	azamnajafi
608175723	Drea 💕	Yunno_Dreezy
635903128	Jobeee Jauregui🍂	Jrsolechill
3271495572	Nate🃏	nategrz7
633510814	Cindy 🌻	_sindeelu
4806260786	aaliyah ✿･̑◡･̑)♡	cyberliyah
2749167215	EdibleHouston	edible_houston
2219336874	👑	jasminedhall
1071654979784622080	cornelia	courtneyaguile2
2238099501	Oba_Jero🪔	oba_jero
828463805608972288	OhhMyJoshh🤠	josh_ramirez400
412425572	Austin Del Toro	ADT_is_mee
314655429	𝓳ꪖɀ 💛 Hey, 2022 💫	Jazrealpretty
1963540400	Jon.the.water.God	htwnbeast713
156594219	IN MY MIIIIIND🎄	D0PE_DEE
3281789016	bri	exaltbri
52230211	Patty 🖤	Queen24Money
2209699122	erikahoustonrealtor	erikatherealtor
1051011038399946753	Bãndmãnmãni	YungGanto
329414228	The Last King of Scotland	anitarozay
391682968	Tylaah 🥀	Theylovetyloo
122500969	Topboy	GXRoland
2231978288	Dee $arg ✨	dillpickleeeee
390461137	🥀RCG Justo	JUSTINGAGN0N
2234878164	BIG LEO🦋	madiiposaa
1886592745	confi	spaceyams1
937499869614346240	lexi	marierevelez
384144244	v	___vaaanessa
924798887864487936	P🌻🐛🦋🌅	BetterWithTimee
1332489720	Ron Stoppable	RonJoyaa
14838410	Brad Groux	BradGroux
21027675	Sean Steffen	SeanSteffen
1370905873	محمد زيدي	MuhammedZaidi
884595893986631681	🧜🏾‍♀️.	aerielbrinaee
517974568	codeindeth	codeindeth
232241806	JackAss✍🏾	WrongAnswerr
853309333353975813	Kêll¥ 🆃🅷🅴 🅵🅸🆃 Lïßrårïåñ 🤘🏼	punkrocklib
705032630555639808	B.I.P BIG BET🙏🏾	yfnjimbone
63652370	Maegan Chavez	maedae523
1006611967585476609	Anthony	astro_antho
295857709	kill.	_uhhkill
1159893493034160128	puck bunny	simiwidit
1127022960391409666	Terry Rice	TerryRi05427058
822524382	boy wonder ☃️	thatwarboi
391682968	Tylaah 🥀	Theylovetyloo
872012973799288833	Orlando Acosta	Orlando_LTX
42628857	♛Darius de Laurence♛	Djarodski
484000529	THE Creestackz ღ	creestackz
468774572	Ale	GonzalezAle_
804505151457271808	OHdatz_bub	Yungbub2
162992000	Steph	tc5920
47785716	mika lashay.	_IndieeDoll
1566260017	NaniiFrmdaH	Bighomienanii
828640516480827392	Dom ⚓️	Dominiquee_V
1136486236108001280	bebe✿	jackieis2cool
34952960	Muggle in the streets, Wizard in the sheets 🐍🪄🤗	ChocolateMilf
257175275	rachhh♡	_rachelanneee
927367008987107330	𝓀𝒶𝓇𝓂𝒶🐉	AlexisCharissee
619792406	Shina Balogun	Govshina
1945686102	.	_DOPEITSHUGO
3018661293	malanad👸🏽	malanad__
798152570120323072	𝕃𝕚𝕥𝕥𝕝𝕖 𝕄𝕖𝕘𝕒𝕟 ❤️	megan_cobb3
35222762	⚾️Astros Angie 🧡 OFF SZN EDITION⚾️	sillylilmom
560098179	care about other people	ellisacobey
139250227	☼☽ 𝐭𝐚𝐭𝐮𝐦 𝐭𝐡𝐞 𝐧𝐚𝐭𝐮𝐫𝐚𝐥𝐞𝐳𝐚 •	earthtotatum
166708760	Susann Marie Glenn	susannmarie
379187275	Andre	kingandrel
2408482130	princesa 🧚🏻	akanetendoh
237857054	DarKer Side DJs	DarKerSideDJs
104519168	I think its funny!	lppr22
2381038482	mjdee	mjdee_tv
741122376839102464	von.	ybg_von
4745653520	Danni 🤍	GvdessDanielle
1010530117167263745	duriel	i_amdurielxxx
333051846	Efam	Chief_Eef
86646950	Will Moriarty	willmoriarty86
1889161808	Miranda	BishopMiranda
1051011038399946753	Bãndmãnmãni	YungGanto
4102761973	Love	liaa_patrice
20407882	Matthew Harkrider	MHark
3309970849	SUGGA!	DASHOFSUGGA
408753717	Shawn Stepp 🎶💞	shawnstepp
2177060386	D I A M A S H A 🦋	Diamashaaa_
1131519980	Yesenia Flores ✨	YeseniaLoera2
262451603	Niangel♊️	_LoveNiangel
168885053	Elijah	reallyelijahg
231969577	Just¤Leave¤	hiDee104
1586538564	Genesis Turf	Genesis_Turf
35936269	BREE KILLA	__SAMROTHSTEIN
981607580	🤷🏽‍♂️	hooven08
28308170	GOT DAMN SAMM!	djyoungsamm
776048347	4:44	jastay95
2824170244	hannah 𓃰	hannahahlyn
2548972292	chef curry MVP 👨🏼‍🍳	brandonyeet
925509528367583232	Zeltzin 🌸	ZYourLittleG
22158336	Andy (geeohayetee) Villanueva	avillanueva3rd
300627654	Milly boo 🦋	Sweet_Dimpless
34470329	Ashlynn Shell	Ajshell
60906960	CAMMEO HEAD TO TOE	cammeomurray
2911934748	Ro	Rocioxperez
2476601	Chance McClain	TexasChance
95229664	pigeon cassandra k	MalakaLatte
961033106475180032	H🌸N E Y	_AdoreHER
167106862	B	a_girl_like_B
2544136010	Raymond Ito	Raymondito001
2244375780	daBigUno🏅	Mikeslifee2
144033159	Isis Marie	slightlybitchie
131602428	Carl AkA That Nucca	DjChAoS2K5
43729175	IanTune	IanTune_
593078465	nal✨	nallelyysnz
937090222738890752	💙	caramel_chickk
2616010652	Michelle (Taylor’s Version)	michellelhua
743854998514208768	big daddy d	daniiellaellaa
1055169843899588609	P!NK	juicyleslie
71430866	Aleil	Aleil_J
704654798	Reme 🥂	osereme_
788550433396535296	bebecita 😈	janelygarciaa_
413257419	Willy	GarciaWill16
527963192	Shea Jordan Smith	shea_jordan
357293696	约翰 约翰	JohnPocasangre
495612987	Henry	El_guey_de_mal
3292465142	RetroCain	RetroLerenzo
1735510892	Imani🦋	_imaninichole_
887335086496129024	Anita	_anitatorres_
333051846	Efam	Chief_Eef
33803611	Media Meika✨	shameikalhsmith
4330380503	d'elen 🤠	d_elenaud322
232060761	بهاره	azamnajafi
27959795	Misael Gonzalez	MisaelGonzalez
887751600	Ashh✨	ALatt54
113994537	ᴊᵘᵈʸ	KalaJudy
635903128	Jobeee Jauregui🍂	Jrsolechill
1189531048096473089	817king	Coolkid_shaw
306590814	BIG DRACO STAN ACCOUNT	_Staxxssss
168262412	𝐑.	ravenxceleste
378958443	هيرميس ناصر	Bwesssstt
521995608	Watch & Learn	ceethegee_
286495683	Allison Asarch	allya810
4786513213	ChriSmitty	Smittstopher
239151365	Houston’s Very Own	YoItsKenneth
927367008987107330	𝓀𝒶𝓇𝓂𝒶🐉	AlexisCharissee
318209493	Xavi 🔜LAN ❄️☃️	itsme_javii
243836652	cindy	its_cindyrella
31403	Alison Groves	alisongroves
2756901601	jamedria 🪐	jamedria
23235962	gemini xenomorph	ellebasi_noxim
102593183	Jimbo	Jimbo_Slice23
188896612	The Tech Guy ♎️	_LLewis
17854416	Kyle Beckley	Kyle_Beckley
242539098	ً	bawseygal
134922431	ykk	whykaykay
995727188	Don	cozymoD
320500480	dani ♡	Callmedaniee_
4018459399	Val 🌙	valerieeecp__
746548123032387584	NATALY🥑	prinsxsnaly
2997791575	j🎄	jisellem_
98560798	nili	anilaice
393758049	CEEEESSHHHHHH …	cee_eeeeeeee
930863790	JQ🎯	_kiddchance
304209722	Brookie 🤌🏾💕	LilNineBuccs
38347495	just jenny	JennyyHTX
1150811832048922624	Yall wuz KANGZ	No_ThisIsJada
388035107	Storm🌪	Jashouseofhair
297710654	T.	tashamacc__
971476026286051328	Gone On Na ➡️	cutefaceshawty
555557302	Purple Ranger	beelzevladd
819253568863617024	NERIAH	neriahdenae
420590626	katt🦕	katt983
325929237	ً	_SMYRK_
2571625609	KowBoy👌🏾Kyle🤠🩸	skinniNvsty
178110611	DesignsBySiri	DesignsBySiri
31396920	spencer	uhh_spencer
511269120	Omar Armando Gil	OmarArmandoGil
749872201	TheSpiritedThrifter	SpiritedThriftr
827517854077558785	دانا	DanaMarieLG
624839804	Andrew King	1andrewking
242068182	DomoTheBachelor	DomoTheBachelor
245935576	Mr. Ma’am	_ramonchavez_
2595947210	Le Fleur*	noemidlt
346162718	Truest 🦓	Truetomyself5
317408197	Alfred Matthews	A_Matthews713
36057392	Lauren Fowler	ndlauren
863870251926253572	chlo	chlosoup
467023741	Your majesty🌱	ivoo_26
2196276012	China Mia ✨	lachinamia
1102018309132820480	Cesar	cesarcervantes
840925387	Krampiss💦	doubledee1031
208748879	Big Daddy Te’	da1don
724652684100259841	Surviving, Okay? 💕✨	seauxklassic
27750806	Joe Hussle 🏁	jfm2_
107922886	coco 🦋	thatnaeegirl
2633302306	Octavio🍃	octopussking
347628875	gabby	gabby_hines
737410503564099588	Big Rae 4TF	rae4pf
937090222738890752	💙	caramel_chickk
2853430930	Kimberly Echols-Merritt	KimMerritt_7
1496104573	⚔️🎶vanessa🎶⚔️	nessssa_75
90072880	Terince J	TerinceFnJ
1684292750	XANDi🍒🔪	officialXANDi_
357923374	Malachi Burden	AntoineViccario
1085074317698891776	gaby🦋	gav_sss
1127022960391409666	Terry Rice	TerryRi05427058
391121863	Uzochiiiiii 💙🤍	UzochiOnwukwe
17441454	Ginger Brown	TriteAndTrue
2270137068	𝖊𝖒𝖔 $𝖍𝖆𝖜𝖙𝔂🥀❄️	satin_ams
1895504767	Marty 2 Fly	marty_2_fly
467023741	Your majesty🌱	ivoo_26
139509493	Jchere,MS. 🇭🇹	jenny4_16
466271076	lil 🌱	yawningtodaclub
2559425864	Tay Tay the Science Bae⚗🧪🧫	Yours_truly56
913548516034699264	Collin McLelland 🏴‍☠️	FracSlap
24160489	Thighnosaurus Bae 💍🦃👪	Missbcarroll
984406551715868672	Adela Thee Masked/VaxxedX3 Librarian	chicalibrarian
274329154	Bob Dobalina	outonthepatio
346101064	kristin 🎄	krisstinnn_
315645963	Junieccia_A'jee	Junieccia_Ajee1
277540994	Blue Heron Farm	BlueHeronFarmTX
3251419999	ACHÉ	olvera1310
4716789481	alt user: pussywillowears	autumnfrizzle
2414583055	Armani Marie✨	_armanimarie
832255730	Goudacris	salmeronhenry
29260599	Ruben Rodriguez	Rubenscube
737410503564099588	Big Rae 4TF	rae4pf
38688782	👸🏻Earthen Vessel 💋	DDC832
955305744588529664	Lightning ⚡sometimes Thunder	SoundIsElectric
136445310	Breezus 🙌🏾	BreAngelec
253709683	Ladyle Ricardo	ladylericardo
234229221	DJ Sam.I.Am	DJSAMIAM23
47710654	Christina 🦋	ItsChristinaW
455185091	𝒜𝓁𝑒𝒿𝒶𝓃𝒹𝓇𝒶©️	mzzalejandra
347663733	Rene M.	DatKidRene
735866964287971328	Hailey 🌻	HaileyLapoint
329951323	ellesse evans	EllesseEvans
2503478004	Ariele J	pvre_xrunner
717163356	ALIS	a_jaquelineee
39473881	AShaye💫🕊	BlaqueBonnE
568289038	Alma✨	GandaraAlmita
994160815	WĘNDY 👑 ♋	simplly_wendy
36834956	Code of HammuRobbie	PabloBrocasso
27750806	Joe Hussle 🏁	jfm2_
358587970	RED🤕	1Stxph_
1855174494	TJ’s Sister 💜	TheLoisLaneeee
256233301	Will.Or.West	Will_West2014
1043561539	piphy__	piphy__
18948916	David Peterson	sirdavepeterson
981607580	🤷🏽‍♂️	hooven08
1107862871843749888	RuthIris❄️	s0ulfood_
317868062	Ashley 🍍	Ashleeyyy12
379892972	✨ Marisol 🧡☣️ ✨	itsmarisol_
924798887864487936	P🌻🐛🦋🌅	BetterWithTimee
1935084824	Natt ✨	nattmlndz
238833869	Beltway Bandit 🇳🇬	Douggie_Freshh
306590814	BIG DRACO STAN ACCOUNT	_Staxxssss
572999829	Emily Gutierrez🏳️‍🌈	EmilyGtz_08
1563702270	VIC	visualsbv3
827517854077558785	دانا	DanaMarieLG
2646294488	v m	VirginiaMaLynn
2398456206	🧘🏾‍♀️	_lilbabytay
456157687	Robert Mandujano	RobertMandujano
37935188	el negrito | R2L season 4 🇳🇬	say_blk
18988977	Toni Morrison's Glass of Water	TerranceOmar
608175723	Drea 💕	Yunno_Dreezy
483435087	badgal	badgalcurscurs
839190945249775616	Da Wiggly Dragon Pupper RAWR!!	PupWiggles
1434009054	lucía g	lucia_turtlee
467023741	Your majesty🌱	ivoo_26
539692577	Lujano_Galang	lujanobaby10
2263309443	chels.	_ctierra
990149857	Olivia 💚🐸	Emmy_smiley
16874925	Kat Lee D.	KatM3q
234229221	DJ Sam.I.Am	DJSAMIAM23
1046846245606707200	Brendalee 🤙🏽	brendalitttt
2205578792	Angie ☭	angieacommie
324655930	Ebony Enchántress	Kia_TooSweet
53557476	Xenia 🌞🔁🌚	zeni92
1043561539	piphy__	piphy__
51831359	I ain't always thirsty when I drink	CurmudgeonlyLuv
1081765278	🕸 Spider-Mane™	Blvcksby_
263214940	Monica D	themonicadhiman
800981407	Valor	ValorOjeda_
937090222738890752	💙	caramel_chickk
1569820676	Reese🍒	__CherryAmour
715615373	Stephfashort〽️	SSpatterson8
630330401	klarisa lopez!	lopez_klarisa14
232060761	بهاره	azamnajafi
3220409220	V.	THEAMONETV
550039739	Key.💎	NeverLoveThem_
391682968	Tylaah 🥀	Theylovetyloo
253709683	Ladyle Ricardo	ladylericardo
1129857144700981249	RealTalk100Radio	RadioTalk100
238236942	doubleCUP	LuckyThaGreatt
3001988240	Suzie San Diego 🛫🚙💨	_Sweetmarie03
126835410	strongstar delivery	BigDStrongStar
1036055743	Jennifer 🎃	Fennijer_
336295443	Kaylee Arthur	KayleeArthur
253889680	La Radio GOD	DjCaliRoyce1
956935949002399745	lwkk218@aol.com	KarenKuca
33566001	Pepe Silvia	DeusRexxMachina
2997791575	j🎄	jisellem_
2161592653	Amy 🎄	amylizet_
2651101583	✨Paya✨	mayapaya__
608175723	Drea 💕	Yunno_Dreezy
30047943	Grant Foto Wedding	grantfotowed
2936509783	Jess 🍀	j_sanchez143
577713444	Robert Danek	OfficialRDanek
1009524264	skinny vanilla	lexi_wiggins
1206640515904679944	PrincessMaartin✨	PrincessMaartin
1207856638071365632	Esther	Esther87584373
787656516702605312	Ricky Cumby	RickyCumby
984406551715868672	Adela Thee Masked/VaxxedX3 Librarian	chicalibrarian
212009897	FACE	SKINNYTRAE
924798887864487936	P🌻🐛🦋🌅	BetterWithTimee
705523763861782528	#prettygirlstatus 🌻	yourwcwwish
53456138	LISSA	carlissasimone
298170960	Chelsey 🦥	Chel_LaLa
822197509	Michelle Stack	DesignbyStack
917319870	SPACEMAN	CopierCollin
15921952	janica boles	jbo_photo
391731211	Caleb	cdhorton23
3631148052	💡	brittniocean
4334211672	🐚🅱️	shelbycolv
379892972	✨ Marisol 🧡☣️ ✨	itsmarisol_
2162242039	jose	esojlui
31212331	Negro Bane/Tha Shark	thashark316
2674364284	Rosa Potters 🦊 12/20 🎂	RosaPotters
89693205	Sarah Kardani	SarahKardani
2559425864	Tay Tay the Science Bae⚗🧪🧫	Yours_truly56
2150681304	Stolt Berserkers	StoltBerserkers
1001809696334938112	Soph 💋	mamaphia_
306590814	BIG DRACO STAN ACCOUNT	_Staxxssss
836971410	cilla tha killa🌞	Mamaxitaas
18686428	Jazzy La' Flare 👄	jazzycheeks
233057504	Key ✌🏾	wassupkeyy_
991512420	Ronny⚾️	meow_me_down
1387780320	Victoria	Vikktoriaaa_
254862978	AB	TrueAB6
727697903075008513	drea	andreaasotoo
1014272893927256064	Justice for Aunt Teri	UwaziZamani
777604062921588736	𝕁𝕠𝕝𝕝𝕪 𝕆𝕝' 𝕊𝕒𝕚𝕟𝕥 𝕋ℍ𝕀ℂℂ𝕠𝕝𝕒𝕤 🎅🏼	psilocybean_
1491180668	Cami	CamiBee__
971476026286051328	Gone On Na ➡️	cutefaceshawty
225934048	Mercedes Letterman	MercedesLttrman
2203803048	Bre’Anna. ✨🤎	_therealbreee
838395274196320256	Your Fragrance Friend	hexxtra
151904942	EJ	ibeerick
1194243925	Dior & Derrière 🎅🏾🎄	SpaceCadetSmurf
14015362	Curt Williams	CurtWilliams
596759078	Ashley	AshleyPerezzz
878486293918961665	kiwi 🥝	makiiwi
32491731	Mauro Alvarez	helloandenjoy
189703179	Keenen Geter	keenenGeter
2649013274	✨Htown Hottie✨	thestridelife
28842107	Stephanie	peripixie
188214994	ツ M I C K E Y	OMickey_USoFine
4106514132	Elzie	et757022
1081765278	🕸 Spider-Mane™	Blvcksby_
823753520650317824	‎ً	basedlogie
2212969128	nina gallegos	serenaelaine24
218168124	60% Crab Leg	cwilliamson2
903434051884912644	Valerie 𓆉	valeriee_mg
3167325552	MAYO	papi_mayo_
884703985130721280	ca$h, ca$h🤩.	dondayoungin_
591566391	JC Medrano-Felix	VersaceXO
99875423	aaaaaaaaa	lejandroooo
332638685	Sweet Girl Vibes💕🦋	positivenergy_
3782105778	Bree Bree🌸	queenbree_11
882480253217714180	Barry Ishimine 🇺🇸🇮🇱🇯🇵🇰🇷🇹🇼	BarryIshimine
15767135	TruongusMaximus	robodebeep
54628830	Mia Mundy	miamundy
29061149	Robin Stokes🧜🏾‍♀️	_debbiesworld
372550426	chan.	RecklessMindset
905138029	Michael Diaz	MikeDiaz285
3165663414	meg	banhmigoddess
39572105	...Keithy🪶	TattoosandKicks
1127022960391409666	Terry Rice	TerryRi05427058
20897207	Ricardo Montelongo	rmontelo
1086844321750548480	lex🧚🏻‍♀️	allexaisabel
1150811832048922624	Yall wuz KANGZ	No_ThisIsJada
139756645	Rita Vinieris	RitaVinieris
238833869	Beltway Bandit 🇳🇬	Douggie_Freshh
539404813	tiffany garcia	TeeGarciaa_
571310336	koaster	KozyNap
1075107697580752896	Evan 🌴💫	Evanjuna16
2796572953	𝒟𝓎𝓃𝒶𝓈𝓉𝓎	dynastyycolee
2308886076	Alex	Olivares__44
908420650683043840	Maddie 🔮	lynnnmaddie
4268772618	teeko™	michaeljmeraz
1855174494	TJ’s Sister 💜	TheLoisLaneeee
4893138504	Use promo code “Daro”	tonysnow92
2568358561	Esmie	esmie99
399006128	Jessie Marie	jessicamariehtx
25909931	Big Love 🎱	BigLovemusic
457764644	Frankie_Official	iTzFRANKIEMAYNE
910857782307512320	Phillip Bowden, ACNP	PbowdenACNP
342386431	The Sunny Disposition 🌞	A_Fn_Lady
783409750226505729	Bre’Shay Barnes	billionaireebre
32329421	Tha_Irishman	Tha_Irishman
216775865	AFRICA'S_JAGBAJANTIS_VINES__1	JustJagbaJantis
576896898	Randall Higgins	R9Higgins
43580011	𝐷𝑅𝐸𝐴𝑈𝑋 ᴛʜᴇ 𝐶𝑅𝐸𝐴𝑇𝑂𝑅💫	LADREAUX
58388162	Dallanita🫓	dallanacamargo
354062372	Alex Akharamen	TheExclusivGent
1387780320	Victoria	Vikktoriaaa_
178469706	G 🪴	rissanicoleg
575846926	aj	amandaxjane
3090552955	da baddest💅🏾	serenityreign_
217984646	Lupe	OxiLupe
2555692225	Alley_Katt	adino08202
314065835	A Young Contrarian	BrittianyGail
33959219	Michael Horner	michaelhorner65
4161015374	ɾιαα♏️	babygirlriaa
254831413	Mrs Hernandez 💋	itsmamajas
23277463	Krisa	kbelle_renee
782954491620397057	Mary Jane Dover	MaryDover1
37230936	Mark V	LETHALWEAPONMV
431246407	brat 💋	ittsslexx
155712061	rih.	robinfenty_
326904512	IG:ChiDoesItBetter	Lemon_Lip
1117571571558776833	♀ Mistress Catalina ♀Keyholder ♀ Coatlicue	catalinakeyhold
511269120	Omar Armando Gil	OmarArmandoGil
390461137	🥀RCG Justo	JUSTINGAGN0N
878439304074276865	PicMe Events	picmeevents
981607580	🤷🏽‍♂️	hooven08
324655930	Ebony Enchántress	Kia_TooSweet
99875423	aaaaaaaaa	lejandroooo
308697111	kaa	smitnwessun
391753130	The Chocolate Barbie	LoveBeatrice_
64739811	Jasmine Elizabeth 💕🧚🏼‍♀️👑♉️	liljazzy10
389622860	dejimarquis.eth	DejiMarquis
1046330179386318848	Lyall_Wolfe	LyallWolfe
966376699897241601	Da Donskii aka Luh Cena 🙅🏾‍♂️👨🏾‍🦯	ripreggjo18
868068336	XO OD	0ficialCristian
317408197	Alfred Matthews	A_Matthews713
436685621	Laliita ✨	Xitlally_06
46147207	- ♊ mar•tee•kah	juicybomb
515974995	Fàtima Orellana🌸	_orellanaaa
2249040169	raeyonce ✨	Lilraerae_
785578326727340033	MashaCosplays - 25% Off Spicy Stuff	MashaCosplays
828640516480827392	Dom ⚓️	Dominiquee_V
15526225	Emilio A.	eaviolin
295314137	THE Real TBaby	PrettyyNishaaaa
1569820676	Reese🍒	__CherryAmour
235942344	Momo 🐬	iLead_UCheer
822197509	Michelle Stack	DesignbyStack
880500069656670208	Kreative Mgmt Group	kmgmt_group
231969577	Just¤Leave¤	hiDee104
332638685	Sweet Girl Vibes💕🦋	positivenergy_
1075621934912733184	💰7️⃣	Keniaaa20
2234878164	BIG LEO🦋	madiiposaa
753742152572690432	Moii	Moisesxamaya
3287652744	Drew👑😈💦	__dreww_
329605815	Me Myself and I	Jrod77020
1012304773	Yazzy	_ohhyazmin
1017322538098216960	LEXX🧃	officiall3xx
20177464	Melanie Boyer	ScrapnCreate
254831413	Mrs Hernandez 💋	itsmamajas
866039771621187585	ℓιℓ нєα∂ 𓆉	littlecabezota_
159221189	The Plug Really	ShikaSweetie
348779543	Padron Quintanilla	Padron54
501069516	ChuuchiiJ ♐️	thatsyoung_papi
136445310	Breezus 🙌🏾	BreAngelec
2712859585	demonBoy uL33	uL33_69
253831412	Jordan Nicole	Jordan_PowPow
2838219027	sincerely ...	shanology101
60687675	RAPPINQUEENMUZIK	RappinQueen713
278463962	My Dream Wedding Design	mydreamdesign4u
293824140	EMAN	emaginenation_
3061548708	6️⃣	ej_flavagodjr
798678113592942593	nela 🧚🏻‍♀️	ayeedanielaaaa
69998262	Dustin DeBerry	dkdeberry
25757522	Lyss	Lysss1028
161731398	Skateboard J	MonteMakaveli
296052778	🍯	vannasmiless
1181373516	🧩 Rocky Cando 🧩	Cando357
1187395123505745921	OgErica🎀	erica_og
928809641408188417	alexis	laventigress
1943005074	L E S	Lesssly25
2731705904	ᏞᎥᏃ ᏦᏒushᎪᏞᏞ	lizkrushall
113916565	Chlöncé	GQPianoKing
705032630555639808	B.I.P BIG BET🙏🏾	yfnjimbone
16956213	Quy Tran	thxdts
241688407	STAR	WishUponA_
828640516480827392	Dom ⚓️	Dominiquee_V
101573976	Katie & Co.	katieandcompany
981607580	🤷🏽‍♂️	hooven08
189657493	Tawana Monroe	tawanababy
199150561	hallebaileystan	cocolov13
2374297231	v o n	youngStewww
316826312	DANIAELLE	Ones_Realness
2813833057	J.Billionaire™️	_JLewiii
919346534	Glo	garciaa_gloria
490012739	The Wavy Tone 🌊	xantho1k
1075621934912733184	💰7️⃣	Keniaaa20
966718003114061824	Javi🏂	Navarrojaviiii
601660596	MrPartyMan1	MrPartyMan1
19519102	BeetleJuice (He/Him/Trill Ass Nigga)	BeetleJuiceQue
36143782	Roxanne Werner	thisisroxanne
4041954858	444 🧚🏽	princessnae_0
377709940	Luis Gutierrez	Luis_gtrz
511269120	Omar Armando Gil	OmarArmandoGil
124957632	Tiff Tiff ?	Itsjustifftiff
2575398414	GIA 💰	GianniKennaye
16845535	Cleve V. Tinsley IV	cvtinsle
17800804	Kylieann 🏳️‍⚧️🏳️‍🌈	kewlgirl05
28012450	♀𝒩𝒶𝑜 ♀	Bellebottoms_
3012125493	™️	DessiiWorld
136445310	Breezus 🙌🏾	BreAngelec
2249040169	raeyonce ✨	Lilraerae_
20774223	Maggie Gordon	MagEGordon
38688782	👸🏻Earthen Vessel 💋	DDC832
261498977	GoSpursGo.eth ᵍᵐ	BrettSolis_12
1180930419916705795	Angel♣️	AngelJr_3
924798887864487936	P🌻🐛🦋🌅	BetterWithTimee
766715453016276992	𝑀𝑎𝑟𝑖𝑒 ✨	vmespitia
706390896	wes collins	_NellaVita
575526354	Dario Failla	TheDarioFailla
800981407	Valor	ValorOjeda_
1338030174	DynamicEntertainment	lisa_wallrath
928352034570539008	6’4 Blessing	__AYEECALEB
605564418	VR	R0CHV
30161786	Little Woodrow's Midtown Bar & Grill	LWmidtown
1456443638	Kass	kaasss88
876486088621215745	Thalia	Thalia__6
1905596473	:)	thakaywayxo
2843521605	Bo	theborodriguez
43639230	Jasmine	jassthetexan
18686428	Jazzy La' Flare 👄	jazzycheeks
798368503342436352	ig @kathy_vu	kvthyvu
1025917897514790912	𝚂 𝙰 𝙵 𝙸👳🏽‍♀️🎥 (Taylor’s Version)	SafiJafri
883725428682366977	chapis🤎	chhapiss_
225203391	Takoby Jackson	TakobyJackson_4
705032630555639808	B.I.P BIG BET🙏🏾	yfnjimbone
962188118186250240	Selena	selenapadronn
25757522	Lyss	Lysss1028
276269544	Ravi K. Sandill	rks127th
3012125493	™️	DessiiWorld
790710168	RAN	heyaboutit
113916565	Chlöncé	GQPianoKing
53841838	Buenas Noches.	Jacorianlewis
1096989130284769280	BriBaby💕💃🏾	ChocolateRoee
325878157	Tristoncole	tristoncole_
23515305	Ms. Hope	IAmMsHope
316826312	DANIAELLE	Ones_Realness
3061548708	6️⃣	ej_flavagodjr
822197509	Michelle Stack	DesignbyStack
1935084824	Natt ✨	nattmlndz
16956213	Quy Tran	thxdts
3146358364	cantuknows	valcantu_
27724677	Stephen Trammell	stephentrammell
24995504	Dannielle Guerra	willies_girl
493728120	THEE KAYY BANK$💕	KayyBills
237857054	DarKer Side DJs	DarKerSideDJs
957593808	ALONZO	AlonzoLee_
87548698	One in the Trillion♎♎♎♎♎ (BOTTOM⬇️)	ZenasMalave
552102528	Dr. Dave Shriberg	DrDaveShriberg
2433782184	𝔯𝔬𝔰𝔢	kill4rose
972557384198639616	Big Scooby 🧸🎀	its_bobbiee
624277646	Norma Gonzalez﮷	normacatalina12
394329269	Christina	islandbreed__
24524229	Vron.eth 🪞	VeronicaSaron
391682968	Tylaah 🥀	Theylovetyloo
348779543	Padron Quintanilla	Padron54
1100215877880954880	pip squeak	lauren_cheers
104967627	Lisa🍯	lisaalilyy05
29115614	Pfizer Papi	DarkerBrother_
257711683	Sista Mary Clarence	NaturallyKurved
16874925	Kat Lee D.	KatM3q
2813833057	J.Billionaire™️	_JLewiii
100387048	Emilio	EVasquez_23
2232085290	lesly🌷	lesly_yd
1877004980	Rafa	GJuan81
434539949	Danny Escamilla	elDannyNLpedo
309357665	SaveTheUyghurs	save_uyghurs
27750806	Joe Hussle 🏁	jfm2_
1029496893968199680	MODESTBUTTAFLY🌺	SHAUNTE_409
1191465080115924994	Jess 🤎	jesssstewartt
2446076076	steph	stevie_what
718630119355514881	Rolando 🐬	rolandoo_9
42551012	Jan 2nd 🥳 ✨	justbeEUNIQUE
99409339	🌟	rozayyteee
71430866	Aleil	Aleil_J
22023812	Walker Agnew, Jr.	texasreb126
174728164	YEM🦋.	y3miii_
709581035265069058	Ladii Lodge 🌹	LodgeLadii
2671796150	katy🎀	katybee27
228934761	Mrs. Goings 💍	taetooFINE
2674364284	Rosa Potters 🦊 12/20 🎂	RosaPotters
3225395525	Bellarubi👑	Bellaarubi
18686428	Jazzy La' Flare 👄	jazzycheeks
923252155796066304	Hollywood Dmac	MarcusMackey7
1094067374062485504	Celeste 🦋	celesstedleon
4894526316	Jermo	Jermojack
45761245	Catherine	cmhutchins
449168071	Olapunch	Djolapunch
2961777007	Lore💫	orea_lorena
552271089	𝕒𝕛	gingerspiice
109657942	T.U.C.K. (Top U Can Keep)	YSL_Ron
2536482763	em	emilygraham_12
167265414	Doyin Fash LLC	Doyinfash_
1068375140117999617	Jackie G	luviano_xo
903434051884912644	Valerie 𓆉	valeriee_mg
312223187	Sierraa	sierraalauren
3120752550	M	mcaro001
2168956504	sofia❣️	cafetera_aq6
838522059885928449	Kyonna.	forbidden_esila
2203578260	moody.	wtvrwtvr_
325322643	Avocams	avocams
243048524	jorge	jorgespov
772529414810722305	Nee Nee 🧜🏽‍♀️	themocityhottie
325739828	Barrington	Barrington_14
32270247	Heterosexual On Weekends	_iSpeakDaTruth
524896359	11:9❤️	__Ambitions
367981514	Laura B♡	oxox_laura
2686627056	Aaron ひ'	AaronWillDoIt
26297544	Brent Shearer	brentshearer
885162525498716160	Les ☁️	LesMarie1296
605564418	VR	R0CHV
1043561539	piphy__	piphy__
275838493	Claudia Valencia	claudiarriaga
530046597	christopher lee	Christ0pherLeeG
400963847	LC	saymynamelizz
1582367233	🦂	_CharlesJ_
1199259302	Pedro Malta	malta_pedro
243072414	Chicago South Sider	SuperSuhmari_
4161015374	ɾιαα♏️	babygirlriaa
719879668254515203	The God	FalconTheGod
1002392966093312000	🌋	BIG_Raxxx
224499278	MasterHairStylistMzHollywood	MzHollywoodMUA
596759078	Ashley	AshleyPerezzz
2977276826	Emma Johnson 🇩🇰	Emma5764
2869690092	J’son 13 Bey™	Json13bey
596862761	fabs✨	Faabiolaaaa
77472799	Hot Boy Ken 🔥‼️	AmeriKEN_Idiot
1572583766	Louise Driggers	loubie_3D
149572191	Nabil	MdNabilAhsan
2492040516	babygirl	lovejayyordie
1074577694401159169	T.J.♓️ | 2/23	loyaltohouston1
846841192302198784	catalinä	justlyssa6
181413781	Black Is Beautiful	FastLaneTaddx
596534245	NFT ZOL szn	mas_SugarS
28795525	Tamela Ehlinger 🌐	TheTamela
376420620	ave	alllenrose
552271089	𝕒𝕛	gingerspiice
394329269	Christina	islandbreed__
1442717886	Miriam. 🌸	mtrujillo001_
2375755674	Anna ;)	anna_alberty
570075990	Elizabeth	ENieto__
94460415	joe from htown	joedaddy85
33803611	Media Meika✨	shameikalhsmith
115173138	♡	azanettahhh
922225379984654337	Casey	GoopyBubbas
1127328254359109632	TINY_THO_	svtchris102
76480318	Yvette (Taylor’s Version)	YvetteOrozco
2431313012	Junior	elJR713
2235150902	.	_its_shay95
1935084824	Natt ✨	nattmlndz
31644614	Stimmy Butler	young_lupe
455185091	𝒜𝓁𝑒𝒿𝒶𝓃𝒹𝓇𝒶©️	mzzalejandra
49105809	Sherilyn Jones	sherilynjones
1163617576401952770	🇲🇽Latina Sailor Moon🇵🇷	jayianicolee
872604079058497536	Jigoku no banken	Elgn2k4
1589575260	soap	RobertPTB
868263900848029697	15thOfMarch🥀	_DejaaWajaa_
911546040	Ry Guy	your_guy_RY
2827216388	†	alexisshantelle
747309803681157120	KeyMo	KEYsoGLAM
977167073599213568	jaurneyv🖤	jaurneyv1
70781769	B-Tip	btipent
766459015	Logan Richardson	_Pharaoh_138
514693503	Liv	beatriceee18
1075621934912733184	💰7️⃣	Keniaaa20
3281789016	bri	exaltbri
816117427054477313	Avery E. Padilla	averybavery95
906753593788772352	Susan Fritsche	fritsche_susan
427891278	Jennica Larson	jennica_larson
149572191	Nabil	MdNabilAhsan
1116883084748705793	xinaaa	_xinaaaaaa_
737410503564099588	Big Rae 4TF	rae4pf
1133596175465091073	LeahTortilla💋	yeaathatsleah
33803611	Media Meika✨	shameikalhsmith
344850624	MSDAVIS2THEM	Msdavis2Them
100387048	Emilio	EVasquez_23
3783833594	Kimillionaire	_kimallday
785856529979277316	nickayla.	justnickayla
216462390	lilbirdyy	lilbirdyy
84082486	Meljune	MJokita
444277859	🥰👑	WhoseBothered
236144107	HiyaMamaNem🥶🥷🏽🧑🏿‍🚀	WhaddupDoe__
90991678	WatermelonMami🍉	RaefromtheeMo
398285154	Be a B O S S 💰	ChulaBtch
35222762	⚾️Astros Angie 🧡 OFF SZN EDITION⚾️	sillylilmom
722820351588052993	guttaRedd	badgalmaddyy
332638685	Sweet Girl Vibes💕🦋	positivenergy_
34857785	Kid Cutty🦂🎬	dlo_slaughter
90072880	Terince J	TerinceFnJ
1325641272	NoCape 🥷🏽	NoCapeDav
223351390	Meli	_Melialv
786043060253712385	Kassbear ʕ•ᴥ•ʔ	kassbearVR
568804019	Captain Planet 🌎 #BLM 🖤	JeremiahBaker_
285622102	¡Ernie!	TooTurntErn
1358525054	Sol🌞	MarisolLuna__
2921135336	EVILLENE ♐️	wauniB
293505768	StarCharger	StarCharger28
349575314	.	jaaymtz96
3995045472	crypto_papi	ramoncoto_0716
1102018309132820480	Cesar	cesarcervantes
427405943	Gabriela	Gxbrielxx_
2290385786	𝕸𝖆𝖗𝖎𝖆-𝕮𝖆𝖒𝖎𝖑𝖆	champagnecvmi
946854823202258945	Jacob Foshee	JacobInvesting
124957632	Tiff Tiff ?	Itsjustifftiff
20347457	Grant Tucker	scknows
325739828	Barrington	Barrington_14
745071466530611200	Ray Garza	srgarza75
940430425910112259	𝐑𝐀𝐍𝐆𝐄𝐋.	IRISRANGELL
351608593	apg	alexis_paige10
2614060002	asia (asia’s version)	itsme_asiat
1387780320	Victoria	Vikktoriaaa_
2950136230	HokageYuno	Belemersss
893979247	TonyTheeM’fStallion	Tony_realist
280718487	Semaj	avo_semaj
2576081671	spooky mama	celestemwatkins
2204316505	Selenass	_nicoleselena
1284419737	ThatboyDanny	lopezboy55
2202487424	𝑷𝒆𝒓𝒍𝒂✨	pvllamas
344850624	MSDAVIS2THEM	Msdavis2Them
459619168	J✨	its_jnizzle
19133417	A Day To Remember	DayToRemember
43148307	JASON ✨👨🏻‍💻✨	JPG_Rising
2646294488	v m	VirginiaMaLynn
842326728	rafa	hiiralph
822197509	Michelle Stack	DesignbyStack
278463962	My Dream Wedding Design	mydreamdesign4u
24139838	Sherman On - The Crazy Asian	shermanon
1167203016073723905	Momo	anythingformo28
288002965	ABC Bodyart	abcbodyart
77366722	BUDDRO	Buddrobrady
8607352	Social DistanStine	KCBlueGal
90991678	WatermelonMami🍉	RaefromtheeMo
281819553	LORD FISH FACE 👩🏾‍🎤🦈 🇦🇬	1996donii
37804608	Kevin Kong | Mayhem	kingkongotx
1150811832048922624	Yall wuz KANGZ	No_ThisIsJada
808848028538957825	.	ee4321_
3120752550	M	mcaro001
2991094696	Noe Hernandez Botello	noe36085
3252998005	D.Nicole	DeJahJNicole
817601051046068224	lex 💋	lexxiimitch
164715058	Timothy McNeil, DBA	drtimothymcneil
787832372926394368	FactSpeaker	elpeacockinator
197182781	yuta’s chongo	bijunhui
2369845855	الحمد لله	Lah__B
23290218	Trey campbell	Juggalo_Trey48
275123678	🎶 Brad Segal 🏒	TXLovestheHabs
2470094671	hayjay	haileymelton5
2595947210	Le Fleur*	noemidlt
762862802809729024	300Mich	300meech
445202443	kai’s mommy.	lanamonique2
401464977	Ms. Summers	MsSummers2U
257711683	Sista Mary Clarence	NaturallyKurved
23235962	gemini xenomorph	ellebasi_noxim
32270247	Heterosexual On Weekends	_iSpeakDaTruth
3008283618	ms. full send 👻 222 wakaan nye	kalifxrniaa
1231771040	The Tallest P.	DomTheMVP
79841037	ᴊ .	Forever_Jason
1180930419916705795	Angel♣️	AngelJr_3
748061299318259712	FROST ♏️	Albzrt
234229221	DJ Sam.I.Am	DJSAMIAM23
630182948	KimYé🌻	kimbuurlyy
349575314	.	jaaymtz96
1080505145954353152	Elia Ruby❤️‍🔥	echvz97
988394270070624257	𝐸𝓁𝑒𝓃𝒶 𝒢𝒶𝓇𝒸𝒾𝒶🇲🇽🇺🇸	elenagarcia271
617550016	BATON MOYIZ LA!	Mr_Twes
571071091	rudy	therudolph26
3606888134	Silvia Magaly	SilviaMBeauty
2299917888	Ashley Rogers	ash_rog21
730776184854712321	Vegan Latín Bratt🐰	cesiaacornelio
1051925950001229824	Carrington Barfield	chaos_coffee_
741621269783683073	S A K I N A H 🌈	kinahdaqueeen
335517088	Ro.	_LoveIsFalse
977695691719041025	Brey & Co.	BreyandCo
2711052757	adelita	braticusmeritus
33803611	Media Meika✨	shameikalhsmith
541217923	A Saggitarius	Dem_loading
998194573	karla itzel	karla_tamps
806001908	Pablo 🌯	pablo9018
785578326727340033	MashaCosplays - 25% Off Spicy Stuff	MashaCosplays
45976679	P I N K Y🤍	pinkyholmess
15526225	Emilio A.	eaviolin
167265414	Doyin Fash LLC	Doyinfash_
728819990518890497	A	itsaleckxander
314155038	D.Bennett🦂	d_stoic1
285622102	¡Ernie!	TooTurntErn
2997791575	j🎄	jisellem_
24160489	Thighnosaurus Bae 💍🦃👪	Missbcarroll
1334525684	Hunter	httpbeenfitted
1081429895723606016	Cece 🤍✨	_cecenextdoor
321887351	Shello™️	_JayShells
2547941081	Jas	morales_mini6
707692923593228288	𝒿 𝒶 𝓃 𝑒 𝓉 ♡	janetgarcia__
318002848	Ty Moran	TyMorann
50010512	Freckled Face Fuck Around and find out Doc	DrKeezyWagz
51188535	milf plaza	knifexparty
440400202	@VICKOLOGY🔗	_vickology
1175954346678394880	lallorona	YllieMae
3023142210	Jailine Silva	Jailinesilvaaa
776791980458192898	🎄Shelby Ann 🎄	HalesAngel10
118196722	(prod. KeyWay) 🔑	DjKeyWay
3233976864	Charles 🦉	_heyimcharles
976501878501584897	𝓨𝓸𝓼 ♥	bebeyos1
135698882	Matt	gasstationknife
3047924360	Alexa ✨	alexadarling_
28842107	Stephanie	peripixie
514693503	Liv	beatriceee18
1040063125926699010	Tink.	MissTinkkk
2825663503	R Scott Paint	RScottPaint
1161666765610504192	Keyshawn💛💜	KxPATT20
2493661010	Yemi Sholotan	yemipep
237981295	BND💕	bniicolee_
316751250	spooky shayna 🖤	bxbycrow
3897429432	ali 🌙	AlisonNunez27
708868124729192448	Guada Gee	p_guada1
501069516	ChuuchiiJ ♐️	thatsyoung_papi
1631248904	Mystini	Mystinitans
290744901	Vicćo$queeze	ViccoBishh_
1703602741	Erick Sanchez	Erickkk22_
3995045472	crypto_papi	ramoncoto_0716
101573976	Katie & Co.	katieandcompany
380723373	σωυ$υωαα, MSW	nanakwayie
3916266014	kty lorraine	kt_lorraine78
48554461	Arielle	Ms_Adio
338035581	Prez-Los Marcussaurus Rex	PapiReid_SRT8
1167203016073723905	Momo	anythingformo28
1151166460389134336	Wildflower Florist	wildflowerhtx
1159893493034160128	puck bunny	simiwidit
170795379	Big Butt the Goddess ✨👸🏾🍑	AbsntMndGenius
33566001	Pepe Silvia	DeusRexxMachina
1146616782834348037	Anthony Wright🍎 🇺🇸🙏🏾	live2wright
2263309443	chels.	_ctierra
167265414	Doyin Fash LLC	Doyinfash_
1035532588620894209	The Hood Wine Connoisseur	ray_ggbh
2183255724	Mikah Barker	mikahbaaarker
516885343	indie ana jones🍒🥧	cuminside_ana
314155038	D.Bennett🦂	d_stoic1
866497106722381824	princemuva 🧸🤍	jaayaamaarie
33803611	Media Meika✨	shameikalhsmith
961308357738065920	FaustinetheQueen👑	theetopik
2292763968	Bryan Lubbeck✌	lubbeck95
2384617562	Les	LelaVitela
450394143	Val🤘🏻	ValNavarreteee
728237189528571904	Lilo 🍸	imiightbejanae
575846926	aj	amandaxjane
92388893	Garret Heinrich	GarretHeinrich
214128382	GA	Iamglennanthony
2227755782	Melissa 🖤	Maldonado_12M
257244377	Toni (Cristo volverá) Álvarez 🕯he/him	tonidecali
827949227158466561	des 🤍	desiree_0303
741735546012110848	Mom jelissa	xojelissa
1051612394282254336	boon	eloyduhgoat
29237997	Yes! All My Glasses Are Prescribed . 👓	KimEtta
455185091	𝒜𝓁𝑒𝒿𝒶𝓃𝒹𝓇𝒶©️	mzzalejandra
3256171272	Jesus ⚡️	_magallon_04
